Method	 CPU time	 Wallclock time
RK4:	 7.973958088              		 7.976585116000933
BE: 	 52.223988429             		 6.554703718000383
