Method	 CPU time	 Wallclock time
RK4:	 67.888649477             		 67.90839568699994
BE: 	 1150.5744990800001       		 144.66620122200038
