Method	 CPU time	 Wallclock time
RK4:	 7.060224112              		 7.062317185000211
BE: 	 52.539933737             		 6.593037925000317
