Method	 CPU time	 Wallclock time
RK4:	 26.158775479000003       		 26.16620749699905
BE: 	 196.159859097            		 24.633035718999963
