Method	 CPU time	 Wallclock time
RK4:	 100.182598118            		 100.21321539499877
BE: 	 2767.1949792590003       		 351.2115108219987
