Method	 CPU time	 Wallclock time
RK4:	 28.245592503             		 28.254215169999952
BE: 	 195.468213885            		 24.53828759099997
