Method	 CPU time
RK4:	 495.52527977
BE: 	 29148.509666003
