Method	 CPU time	 Wallclock time
RK4:	 58.653414571999996       		 58.66996302999905
BE: 	 820.850342885            		 103.02507246299865
