Method	 CPU time	 Wallclock time
RK4:	 99.253468306             		 99.28545949900035
BE: 	 2596.8663369009996       		 326.5983005620001
