Method	 CPU time	 Wallclock time
RK4:	 11.886122276             		 11.889484978999462
BE: 	 82.695677627             		 10.379733169000247
