Method	 CPU time
RK4:	 490.94724638
BE: 	 29205.471303268
