Method	 CPU time	 Wallclock time
RK4:	 58.263188770999996       		 58.280399490999116
BE: 	 824.225908946            		 103.50584732800053
