Method	 CPU time	 Wallclock time
RK4:	 12.838029489             		 12.842113314000017
BE: 	 85.44745845199999        		 10.826907189000849
