Method	 CPU time	 Wallclock time
RK4:	 90.16718302700001        		 90.19409053600066
BE: 	 2011.727143327           		 252.65030768299948
