Method	 CPU time	 Wallclock time
RK4:	 40.258059736             		 40.27027660699969
BE: 	 416.610474646            		 52.36394199000097
