Method	 CPU time	 Wallclock time
RK4:	 52.567308017             		 52.58521597299932
BE: 	 613.5416150130001        		 77.27763810500073
