Method	 CPU time	 Wallclock time
RK4:	 58.204139003             		 58.221639403000154
BE: 	 820.7353508580001        		 103.04949184299949
