Method	 CPU time	 Wallclock time
RK4:	 82.26638070499999        		 82.29158682199886
BE: 	 1547.534280267           		 194.52929971400044
