Method	 CPU time	 Wallclock time
RK4:	 77.555009858             		 77.57729500200003
BE: 	 1536.550531544           		 193.1431309840009
