Method	 CPU time	 Wallclock time
RK4:	 7.080738296000001        		 7.08275195799979
BE: 	 52.271279776             		 6.559520759999941
