Method	 CPU time	 Wallclock time
RK4:	 89.481777343             		 89.50874562600075
BE: 	 1993.8760516520001       		 250.4437645629987
