Method	 CPU time	 Wallclock time
RK4:	 68.58665735800001        		 68.60677639000096
BE: 	 1139.4275688120001       		 143.07741849800004
