Method	 CPU time
RK4:	 492.91580172799996
BE: 	 29107.864751339
