Method	 CPU time	 Wallclock time
RK4:	 49.076122438             		 49.09046176799984
BE: 	 598.383292912            		 75.13906568600032
