Method	 CPU time	 Wallclock time
RK4:	 49.527867776             		 49.54144936600096
BE: 	 600.692927813            		 75.43746268699942
