Method	 CPU time	 Wallclock time
RK4:	 49.326845865             		 49.341429406000316
BE: 	 598.425967744            		 75.10892390299978
