Method	 CPU time	 Wallclock time
RK4:	 40.572727497             		 40.58419864999996
BE: 	 417.73848405200005       		 52.49609982400034
