Method	 CPU time	 Wallclock time
RK4:	 42.85051439              		 42.86361584699989
BE: 	 419.732912286            		 52.75076216600064
