Method	 CPU time	 Wallclock time
RK4:	 68.743329661             		 68.76343290599834
BE: 	 1136.195840906           		 142.70401064200087
