Method	 CPU time	 Wallclock time
RK4:	 103.403367515            		 103.4377043250006
BE: 	 2643.3392422899997       		 332.99447299500025
