Method	 CPU time	 Wallclock time
RK4:	 11.878719462             		 11.882248339999933
BE: 	 82.801981517             		 10.405020535001313
