Method	 CPU time	 Wallclock time
RK4:	 79.052512255             		 79.07686754699898
BE: 	 1552.787279374           		 195.18879863700022
