Method	 CPU time	 Wallclock time
RK4:	 88.368247506             		 88.39542708100089
BE: 	 2020.8049959460002       		 254.0617852180003
