Method	 CPU time	 Wallclock time
RK4:	 26.754773199             		 26.76288149299944
BE: 	 195.733122821            		 24.56234218999998
